1
59.9995
30.1823
28.6006
33.0483
31.5599
31.3391
53.9587
31.9478
32.4602
33.0468
32.6748
32.6854
32.7326
32.114
31.9173
32.7034
32.5631
32.4068
33.0312
32.5899
51.9991
31.6408
32.3655
32.156
32.6286
32.731
32.6312
27.8269
29.6059
31.9456
32.3161
32.172
32.1414
33.2353
32.8597
32.1547
31.9308
32.3679
32.1299
32.7988
32.4083
31.6192
51.806
32.5584
32.951
32.1437
32.1654
32.3864
32.8241
32.2846
33.1338
32.6642
33.0155
32.6403
32.8549
31.7515
32.773
51.1315
28.3219
32.0755
31.1202
31.7247
31.7754
29.2863
32.4461
32.0298
32.5037
30.4648
32.1837
32.9677
32.9321
32.8641
33.6405
32.3438
54.8652
31.0213
32.7163
32.5699
33.3018
32.3856
32.0312
32.2089
31.3322
32.5363
33.0503
33.0053
32.576
33.1188
32.7768
32.394
32.1647
55.1721
33.659
54.8231
34.1914
33.1101
33.1185
33.4886
33.446
30.0308
33.4116
30.1661
33.3299
32.8974
33.2162
32.9928
34.0136
33.1302
32.5767
32.6483
33.0029
33.2484
31.3772
32.7228
54.4473
32.4805
33.2027
32.7452
32.8924
33.8018
33.7889
32.2891
32.8823
31.3145
36.219
35.9961
52.9824
34.5994
35.82
35.5448
30.5886
35.3622
57.1079
35.3542
34.9116
55.966
35.3985
56.8686
36.0125
34.8865
57.1965
36.2386
58.2859
35.6251
57.4772
35.4655
58.2031
36.3446
31.7054
35.2464
56.4328
35.885
57.9747
35.9426
34.6584
59.1219
37.21
59.9992
37.5289
59.9999
36.5712
59.9995
38.839
38.6606
38.7319
59.9999
40.7455
53.5584
38.1818
59.9999
40.9761
39.3229
39.4938
59.9999
40.0307
59.9999
42.3053
40.0026
59.9999
44.229
59.9995
44.4006
41.238
59.9999
46.836
41.0004
59.9988
46.9481
59.9999
43.2852
43.6422
59.9995
49.1166
42.521
59.9999
48.3113
42.8134
59.9999
51.6694
43.9363
59.9995
51.0061
43.3633
59.9999
56.3618
59.9988
55.4985
45.7452
59.9999
59.9995
59.9999
51.766
46.8902
59.9995
59.6709
59.9999
57.5553
46.1167
59.9995
59.9999
59.9999
59.9999
46.5521
59.9999
59.9999
59.9999
59.9999
59.9999
58.0518
47.5538
59.9995
59.9995
59.9995
59.9995
46.2952
59.9992
59.9995
59.9999
59.9999
59.9995
59.9995
47.6483
59.9999
59.9995
59.9999
59.9995
43.85
59.9992
59.9999
59.9999
59.9995
59.9995
59.9992
51.0373
59.9992
59.9995
59.9999
58.4129
59.9995
59.5139
46.9965
59.9999
56.7498
40.2164
59.9999
59.7504
59.9999
57.1925
47.248
59.9999
59.5337
59.9995
59.2133
59.9999
58.8966
46.5463
59.9995
59.9995
59.9999
59.9999
46.3467
59.9999
51.8403
59.9999
59.8849
47.3388
59.9999
57.431
59.9995
59.4866
59.9995
59.9999
46.574
59.9995
59.6929
59.9999
53.7198
46.2837
59.9999
57.3641
59.9999
59.9999
